company	企業コード（証券コード等）
settlement_term	決算期（YYYYMMDD形式）
settlement_flag	決算特定フラグ（例: 0=本決算, 99=中間など）
data_id	データ識別子（株主順位/指標種別）
name_en	株主名または指標名（英語）
name_jp	株主名または指標名（日本語）
shareholder_code	株主コード（外部識別用）
shareholder_attr_flag	株主属性フラグ
info_flag	他情報フラグ
shares	株数、または株主数など指標値
pct	全体に対する比率（%）
50	Number of Shareholders	株主総数	株主総数（人数）
51	Number of Unit Shareholders	単元株主数	単元株主数（単元株式以上保有する株主の人数）
52	Shares Issued	発行済株式総数	発行済株式総数（株数）
53	Foreigners	外国人持株数	外国人保有株数
54	Major Shareholders	少数特定者持株数	特定少数株主保有株数
55	Floating Shares	浮動株数	流通株数
56	Investment Trusts	投資信託持株数	投資信託保有株数
57	Pension Trusts	年金信託持株数	年金信託保有株数
58	Employee Stock Ownership Plan	従業員持株会株数	従業員持株会保有株数
59	Officers	役員持株数	役員保有株数
60	Top 10 Shareholders	上位１０位合計	上位10名株主合計株数
61	Treasury Stock	自己株式数	会社自身が保有する自己株式数


company	settlement_term	settlement_flag	data_id	name_en	name_jp	shareholder_code	shareholder_attr_flag	info_flag	shares	pct
1301	20200331	0	0						0	0
1301	20200331	0	1							
1301	20200331	0	2							
1301	20200331	0	3							
1301	20200331	0	4							
1301	20200331	0	5							
1301	20200331	0	6							
1301	20200331	0	7							
1301	20200331	0	8							
1301	20200331	0	9							
1301	20200331	0	10							
1301	20200331	0	11							
1301	20200331	0	12			0			0	0
1301	20200331	0	13			0			0	0
1301	20200331	0	14			0			0	0
1301	20200331	0	15			0			0	0
1301	20200331	0	16			0			0	0
1301	20200331	0	17			0			0	0
1301	20200331	0	18			0			0	0
1301	20200331	0	19			0			0	0
1301	20200331	0	20			0			0	0
1301	20200331	0	21			0			0	0
1301	20200331	0	22			0			0	0
1301	20200331	0	23			0			0	0
1301	20200331	0	24			0			0	0
1301	20200331	0	25			0			0	0
1301	20200331	0	26			0			0	0
1301	20200331	0	27			0			0	0
1301	20200331	0	28			0			0	0
1301	20200331	0	29			0			0	0
1301	20200331	0	30			0			0	0
1301	20200331	0	31			0			0	0
1301	20200331	0	32			0			0	0
1301	20200331	0	33			0			0	0
1301	20200331	0	34			0			0	0
1301	20200331	0	35			0			0	0
1301	20200331	0	50	Number of Shareholders	株主総数	0				
1301	20200331	0	51	Number of Unit Shareholders	単元株主数	0				
1301	20200331	0	52	Shares Issued	発行済株式総数	0				
1301	20200331	0	53	Foreigners	外国人持株数	0				
1301	20200331	0	54	Major Shareholders	少数特定者持株数	0				
1301	20200331	0	55	Floating Shares	浮動株数	0				
1301	20200331	0	56	Investment Trusts	投資信託持株数	0				
1301	20200331	0	57	Pension Trusts	年金信託持株数	0				
1301	20200331	0	58	Employee Stock Ownership Plan	従業員持株会株数	0				
1301	20200331	0	59	Officers	役員持株数	0				
1301	20200331	0	60	Top 10 Shareholders	上位１０位合計	0				
1301	20200331	0	61	Treasury Stock	自己株式数	0				
1301	20200930	99	0						0	0
1301	20200930	99	1							
1301	20200930	99	2							
1301	20200930	99	3							
1301	20200930	99	4							
1301	20200930	99	5							
1301	20200930	99	6							
1301	20200930	99	7							
1301	20200930	99	8							
1301	20200930	99	9							
1301	20200930	99	10							
1301	20200930	99	11							
1301	20200930	99	12			0			0	0
1301	20200930	99	13			0			0	0
1301	20200930	99	14			0			0	0
1301	20200930	99	15			0			0	0
1301	20200930	99	16			0			0	0
1301	20200930	99	17			0			0	0
1301	20200930	99	18			0			0	0
1301	20200930	99	19			0			0	0
1301	20200930	99	20			0			0	0
1301	20200930	99	21			0			0	0
1301	20200930	99	22			0			0	0
1301	20200930	99	23			0			0	0
1301	20200930	99	24			0			0	0
1301	20200930	99	25			0			0	0
1301	20200930	99	26			0			0	0
1301	20200930	99	27			0			0	0
1301	20200930	99	28			0			0	0
1301	20200930	99	29			0			0	0
1301	20200930	99	30			0			0	0
1301	20200930	99	31			0			0	0
1301	20200930	99	32			0			0	0
1301	20200930	99	33			0			0	0
1301	20200930	99	34			0			0	0
1301	20200930	99	35			0			0	0
1301	20200930	99	50	Number of Shareholders	株主総数	0				
1301	20200930	99	51	Number of Unit Shareholders	単元株主数	0				
1301	20200930	99	52	Shares Issued	発行済株式総数	0				
1301	20200930	99	53	Foreigners	外国人持株数	0				
1301	20200930	99	54	Major Shareholders	少数特定者持株数	0				
1301	20200930	99	55	Floating Shares	浮動株数	0				
1301	20200930	99	56	Investment Trusts	投資信託持株数	0				
1301	20200930	99	57	Pension Trusts	年金信託持株数	0				
1301	20200930	99	58	Employee Stock Ownership Plan	従業員持株会株数	0				
1301	20200930	99	59	Officers	役員持株数	0				
1301	20200930	99	60	Top 10 Shareholders	上位１０位合計	0				
1301	20200930	99	61	Treasury Stock	自己株式数	0				
1332	20200331	0	0							
1332	20200331	0	1							
1332	20200331	0	2							
1332	20200331	0	3							

の重複分は二重にカウントしない。従業員
持株会，証券金融会社，証券信託などの株数を除
外しないので，取引所の基準とは若干異なる。
